# Created by Octave 9.2.0, Wed Aug 28 13:00:26 2024 GMT <unknown@Delphi>
# name: pink
# type: matrix
# rows: 1
# columns: 3
 0.73999999999999999 0 0.75


